  0  0  0  0  0  0  0  0  0  0  0  0  0  0  0  0  0  0  0  0  0  0  0  0  0  0  0  0  0  0  0  0  0  0  0  0  0  0  0  0  0  0  0  0  0  0  0  0  0  0  0  0  0  0  0  0  0  0  0  0  0  0  0  0  0  0  0  0  0  0  0  0  0  0  0  0  0  0  0  0  0  0  0  0  0  0  0  0  0  0  0  0  0  0  0  0  0  0  0  0  0  0  0  0  0  0  0  0  0  0  0  0  0  0  0  0  0  0  0  0  0  0  0  0  0  0  0  0  0  0  0  0  0
  0  0  0  0  0  0  0  0  0  0  0  0  0  0  0  0  0  0  0  0  0  0  0  0  0  0  0  0  0  0  0  0  0  0  0  0  0  0  0  0  0  0  0  0  0  0  0  0  0  0  0  0  0  0  0  0  0  0  0 20 22 22 22 22 22 22 22 22 22 22 32 32 32 32 32 32 32 32 32 32 32 32 32 32 32 32  0  0  0  0  0  0  0  0  0  0  0  0  0  0  0  0  0  0  0  0  0  0  0  0  0  0  0  0  0  0  0  0  0  0  0  0  0  0  0  0  0  0  0  0  0  0  0
  0  0  0  0  0  0  0  0  0  0  0  0  0  0  0  0  0  0  0  0  0  0  0  0  0  0  0  0  0  0  0  0  0  0  0  0  0  0  0  0  0  0  0  0  0  0  0  0  0  0  0  0  0  0  0  0  0  0 20 20 20 22 22 22 22 22 22 22 22 22 32 32 32 32 32 32 32 32 32 32 32 32 32 32 32 32  0  0  0  0  0  0  0  0  0  0  0  0  0  0  0  0  0  0  0  0  0  0  0  0  0  0  0  0  0  0  0  0  0  0  0  0  0  0  0  0  0  0  0  0  0  0  0
  0  0  0  0  0  0  0  0  0  0  0  0  0  0  0  0  0  0  0  0  0  0  0  0  0  0  0  0  0  0  0  0  0  0  0  0  0  0  0  0  0  0  0  0  0  0  0  0  0  0  0  0  0  0  0  0  0 20 20 20 20 20 22 22 22 22 22 22 22 22 32 32 32 32 32 32 32 32 32 32 32 32 32 32 32 32  0  0  0  0  0  0  0  0  0  0  0  0  0  0  0  0  0  0  0  0  0  0  0  0  0  0  0  0  0  0  0  0  0  0  0  0  0  0  0  0  0  0  0  0  0  0  0
  0  0  0  0  0  0  0  0  0  0  0  0  0  0  0  0  0  0  0  0  0  0  0  0  0  0  0  0  0  0  0  0  0  0  0  0  0  0  0  0  0  0  0  0  0  0  0  0  0  0  0  0  0  0  0  0 20 20 20 20 20 30 30 30 30 30 30 30 30 30 22 22 32 32 32 32 32 32 32 32 32 32 32 32 32 32  0  0  0  0  0  0  0  0  0  0  0  0  0  0  0  0  0  0  0  0  0  0  0  0  0  0  0  0  0  0  0  0  0  0  0  0  0  0  0  0  0  0  0  0  0  0  0
  0  0  0  0  0  0  0  0  0  0  0  0  0  0  0  0  0  0  0  0  0  0  0  0  0  0  0  0  0  0  0  0  0  0  0  0  0  0  0  0  0  0  0  0  0  0  0  0  0  0  0  0  0  0  0 20 20 20 20 30 30 30 30 30 30 30 30 30 30 30 30 22 32 32 32 32 32 32 32 32 32 32 32 32 32 32  0  0  0  0  0  0  0  0  0  0  0  0  0  0  0  0  0  0  0  0  0  0  0  0  0  0  0  0  0  0  0  0  0  0  0  0  0  0  0  0  0  0  0  0  0  0  0
  0  0  0  0  0  0  0  0  0  0  0  0  0  0  0  0  0  0  0  0  0  0  0  0  0  0  0  0  0  0  0  0  0  0  0  0  0  0  0  0  0  0  0  0  0  0  0  0  0  0  0  0  0  0 20 20 20 28 28 30 30 30 30 30 30 30 30 30 30 30 30 30 48 48 48 48 48 48 48 48 48 48 48 32 32 32  0  0  0  0  0  0  0  0  0  0  0  0  0  0  0  0  0  0  0  0  0  0  0  0  0  0  0  0  0  0  0  0  0  0  0  0  0  0  0  0  0  0  0  0  0  0  0
  0  0  0  0  0  0  0  0  0  0  0  0  0  0  0  0  0  0  0  0  0  0  0  0  0  0  0  0  0  0  0  0  0  0  0  0  0  0  0  0  0  0  0  0  0  0  0  0  0  0  0  0  0 20 20 28 28 28 28 28 30 30 30 30 30 30 30 30 30 48 48 48 48 48 48 48 48 48 48 48 48 48 48 48 32 32  0  0  0  0  0  0  0  0  0  0  0  0  0  0  0  0  0  0  0  0  0  0  0  0  0  0  0  0  0  0  0  0  0  0  0  0  0  0  0  0  0  0  0  0  0  0  0
  0  0  0  0  0  0  0  0  0  0  0  0  0  0  0  0  0  0  0  0  0  0  0  0  0  0  0  0  0  0  0  0  0  0  0  0  0  0  0  0  0  0  0  0  0  0  0  0  0  0  0  0  0 20 28 28 28 28 28 28 28 30 30 30 30 30 30 48 48 48 48 48 48 48 48 48 48 48 48 48 48 48 48 48 32 32  0  0  0  0  0  0  0  0  0  0  0  0  0  0  0  0  0  0  0  0  0  0  0  0  0  0  0  0  0  0  0  0  0  0  0  0  0  0  0  0  0  0  0  0  0  0  0
  0  0  0  0  0  0  0  0  0  0  0  0  0  0  0  0  0  0  0  0  0  0  0  0  0  0  0  0  0  0  0  0  0  0  0  0  0  0  0  0  0  0  0  0  0  0  0  0  0  0  0  0 20 28 28 28 28 28 28 28 28 28 30 30 30 30 48 48 48 48 48 48 48 48 48 48 48 48 48 48 48 48 48 32 32 32  0  0  0  0  0  0  0  0  0  0  0  0  0  0  0  0  0  0  0  0  0  0  0  0  0  0  0  0  0  0  0  0  0  0  0  0  0  0  0  0  0  0  0  0  0  0  0
  0  0  0  0  0  0  0  0  0  0  0  0  0  0  0  0  0  0  0  0  0  0  0  0  0  0  0  0  0  0  0  0  0  0  0  0  0  0  0  0  0  0  0  0  0  0  0  0  0  0  0 20 20 28 28 28 28 28 28 28 28 28 28 28 30 48 48 48 48 48 48 48 48 48 48 48 48 48 48 48 48 48 48 32 32 32  0  0  0  0  0  0  0  0  0  0  0  0  0  0  0  0  0  0  0  0  0  0  0  0  0  0  0  0  0  0  0  0  0  0  0  0  0  0  0  0  0  0  0  0  0  0  0
  0  0  0  0  0  0  0  0  0  0  0  0  0  0  0  0  0  0  0  0  0  0  0  0  0  0  0  0  0  0  0  0  0  0  0  0  0  0  0  0  0  0  0  0  0  0  0  0  0  0 20 20 28 28 28 28 28 28 28 28 28 28 28 28 48 48 48 48 48 48 48 48 48 48 48 48 48 48 48 48 48 48 32 32 32 32  0  0  0  0  0  0  0  0  0  0  0  0  0  0  0  0  0  0  0  0  0  0  0  0  0  0  0  0  0  0  0  0  0  0  0  0  0  0  0  0  0  0  0  0  0  0  0
  0  0  0  0  0  0  0  0  0  0  0  0  0  0  0  0  0  0  0  0  0  0  0  0  0  0  0  0  0  0  0  0  0  0  0  0  0  0  0  0  0  0  0  0  0  0  0  0  0 18 18 28 28 28 28 28 28 28 28 28 28 28 28 48 48 48 48 48 48 48 48 48 48 48 48 48 48 48 48 48 48 48 32 32 32 32  0  0  0  0  0  0  0  0  0  0  0  0  0  0  0  0  0  0  0  0  0  0  0  0  0  0  0  0  0  0  0  0  0  0  0  0  0  0  0  0  0  0  0  0  0  0  0
  0  0  0  0  0  0  0  0  0  0  0  0  0  0  0  0  0  0  0  0  0  0  0  0  0  0  0  0  0  0  0  0  0  0  0  0  0  0  0  0  0  0  0  0  0  0  0  0 18 18 28 28 28 28 28 28 28 28 28 28 28 28 28 48 48 48 48 48 48 48 48 48 48 48 48 48 48 48 48 48 48 32 32 32 32 32  0  0  0  0  0  0  0  0  0  0  0  0  0  0  0  0  0  0  0  0  0  0  0  0  0  0  0  0  0  0  0  0  0  0  0  0  0  0  0  0  0  0  0  0  0  0  0
  0  0  0  0  0  0  0  0  0  0  0  0  0  0  0  0  0  0  0  0  0  0  0  0  0  0  0  0  0  0  0  0  0  0  0  0  0  0  0  0  0  0  0  0  0  0  0 18 18 18 28 28 28 28 28 28 28 28 28 28 28 28 28 48 48 48 48 48 48 48 48 48 48 48 48 48 48 48 48 48 48 32 32 32 32 32  0  0  0  0  0  0  0  0  0  0  0  0  0  0  0  0  0  0  0  0  0  0  0  0  0  0  0  0  0  0  0  0  0  0  0  0  0  0  0  0  0  0  0  0  0  0  0
  0  0  0  0  0  0  0  0  0  0  0  0  0  0  0  0  0  0  0  0  0  0  0  0  0  0  0  0  0  0  0  0  0  0  0  0  0  0  0  0  0  0  0  0  0  0 18 18 18 28 28 28 28 28 28 28 28 28 28 28 28 28 28 48 48 48 48 48 48 48 48 48 48 48 48 48 48 48 48 48 32 32 32 32 32 32  0  0  0  0  0  0  0  0  0  0  0  0  0  0  0  0  0  0  0  0  0  0  0  0  0  0  0  0  0  0  0  0  0  0  0  0  0  0  0  0  0  0  0  0  0  0  0
  0  0  0  0  0  0  0  0  0  0  0  0  0  0  0  0  0  0  0  0  0  0  0  0 14 14 14 14 14 14 14 14 14 14 14 16 16 16 16 16 16 16 16 18 18 18 18 18 28 28 28 28 28 28 28 28 28 28 28 28 28 28 28 48 48 48 48 48 48 48 48 48 48 48 48 48 48 48 48 48 32 32 32 32 32 32  0  0  0  0  0  0  0  0  0  0  0  0  0  0  0  0  0  0  0  0  0  0  0  0  0  0  0  0  0  0  0  0  0  0  0  0  0  0  0  0  0  0  0  0  0  0  0
  0  0  0  0  0  0  0  0  0  0  0  0  0  0  0  0  0  0  0  0  0 14 14 14 14 14 24 24 24 24 24 14 14 14 14 16 16 16 16 16 16 16 16 16 18 18 18 18 28 28 28 28 28 28 28 28 28 28 28 28 28 28 28 48 48 48 48 48 48 48 48 48 48 48 48 48 48 48 48 48 32 32 32 32 32 32  0  0  0  0  0  0  0  0  0  0  0  0  0  0  0  0  0  0  0  0  0  0  0  0  0  0  0  0  0  0  0  0  0  0  0  0  0  0  0  0  0  0  0  0  0  0  0
  0  0  0  0  0  0  0  0  0  0  0  0  0  0  0  0  0  0  0 14 14 14 14 14 14 14 24 24 24 24 24 24 24 24 24 16 16 16 16 16 16 16 16 16 18 18 18 18 28 28 28 28 28 28 28 28 28 28 28 28 28 28 48 48 48 48 48 48 48 48 48 48 48 48 48 48 48 48 48 48 32 32 32 32 32 32  0  0  0  0  0  0  0  0  0  0  0  0  0  0  0  0  0  0  0  0  0  0  0  0  0  0  0  0  0  0  0  0  0  0  0  0  0  0  0  0  0  0  0  0  0  0  0
  0  0  0  0  0  0  0  0  0  0  0  0  0  0  0  0 14 14 14 14 14 14 14 14 14 24 24 24 24 24 24 24 24 24 24 24 24 16 16 16 16 16 16 16 18 18 18 18 28 28 28 28 28 28 28 28 28 28 28 28 28 28 48 48 48 48 48 48 48 48 48 48 48 48 48 48 48 48 48 50 50 50 50 32 32 32  0  0  0  0  0  0  0  0  0  0  0  0  0  0  0  0  0  0  0  0  0  0  0  0  0  0  0  0  0  0  0  0  0  0  0  0  0  0  0  0  0  0  0  0  0  0  0
  0  0  0  0  0  0  0  0  0  0  0  0  0  0 14 14 14 14 14 14 14 14 14 14 14 24 24 24 24 24 24 24 24 24 24 24 24 24 16 16 16 16 16 16 18 18 18 26 26 26 26 28 28 28 28 28 28 28 28 28 28 28 48 48 48 48 48 48 48 48 48 48 48 48 48 48 48 48 48 50 50 50 50 50 32 32  0  0  0  0  0  0  0  0  0  0  0  0  0  0  0  0  0  0  0  0  0  0  0  0  0  0  0  0  0  0  0  0  0  0  0  0  0  0  0  0  0  0  0  0  0  0  0
  0  0  0  0  0  0  0  0  0  0  0  0  0 14 14 14 14 14 14 14 14 14 14 14 14 24 24 24 24 24 24 24 24 24 24 24 24 24 24 16 16 16 16 16 18 18 26 26 26 26 26 26 28 28 28 28 28 28 28 28 28 48 48 48 48 48 48 48 48 48 48 48 48 48 48 48 48 48 48 50 50 50 50 50 32 32  0  0  0  0  0  0  0  0  0  0  0  0  0  0  0  0  0  0  0  0  0  0  0  0  0  0  0  0  0  0  0  0  0  0  0  0  0  0  0  0  0  0  0  0  0  0  0
  0  0  0  0  0  0  0  0  0  0  0 -1 14 14 14 14 14 14 14 14 14 14 14 14 14 24 24 24 24 24 24 24 24 24 24 24 24 24 24 24 16 16 16 16 18 26 26 26 26 26 26 26 26 26 28 28 28 28 28 28 47 48 48 48 48 48 48 48 48 48 48 48 48 48 48 48 48 48 48 50 50 50 50 50 50 32  0  0  0  0  0  0  0  0  0  0  0  0  0  0  0  0  0  0  0  0  0  0  0  0  0  0  0  0  0  0  0  0  0  0  0  0  0  0  0  0  0  0  0  0  0  0  0
  0  0  0  0  0  0  0  0  0  0 -1 -1 14 14 14 14 14 14 14 14 14 14 14 14 14 24 24 24 24 24 24 24 24 24 24 24 24 24 24 24 24 26 26 26 26 26 26 26 26 26 26 26 26 26 26 26 26 28 28 47 47 47 48 48 48 48 48 48 48 48 48 48 48 48 48 48 48 48 48 50 50 50 50 50 50 50  0  0  0  0  0  0  0  0  0  0  0  0  0  0  0  0  0  0  0  0  0  0  0  0  0  0  0  0  0  0  0  0  0  0  0  0  0  0  0  0  0  0  0  0  0  0  0
  0  0  0  0  0  0  0  0  0 -1 -1 -1 -1 14 14 14 14 14 14 14 14 14 14 14 14 14 24 24 24 24 24 24 24 24 24 24 24 24 24 24 24 26 26 26 26 26 26 26 26 26 26 26 26 26 26 26 26 26 47 47 47 47 47 48 48 48 48 48 48 48 48 48 48 48 48 48 48 49 49 50 50 50 50 50 50 52 52  0  0  0  0  0  0  0  0  0  0  0  0  0  0  0  0  0  0  0  0  0  0  0  0  0  0  0  0  0  0  0  0  0  0  0  0  0  0  0  0  0  0  0  0  0  0
 -1 -1 -1 -1 -1 -1 -1 -1 -1 -1 -1 -1 -1 -1 14 14 14 14 14 14 14 14 14 14 14 14 24 24 24 24 24 24 24 24 24 24 24 24 24 24 26 26 26 26 26 26 26 26 26 26 26 26 26 26 26 26 36 47 47 47 47 47 47 47 48 48 48 48 48 48 48 48 48 48 48 49 49 49 49 50 50 50 50 50 51 52 52 52  0  0  0  0  0  0  0  0  0  0  0  0  0  0  0  0  0  0  0  0  0  0  0  0  0  0  0  0  0  0  0  0  0  0  0  0  0  0  0  0  0  0  0  0  0
 -1 -1 -1 -1 -1 -1 -1 -1 -1 -1 -1 -1 -1 -1 -1 14 14 14 14 14 14 14 14 14 14 14 14 24 24 24 24 24 24 24 24 24 24 24 24 26 26 26 26 26 26 26 26 26 26 26 26 26 26 26 36 36 36 47 47 47 47 47 47 47 47 48 48 48 48 48 48 48 48 48 49 49 49 49 49 50 50 50 50 50 51 52 52 52 52  0  0  0  0  0  0  0  0  0  0  0  0  0  0  0  0  0  0  0  0  0  0  0  0  0  0  0  0  0  0  0  0  0  0  0  0  0  0  0  0  0  0  0  0
  1 -1 -1 -1 -1 -1 -1 -1 -1 -1 -1 -1 -1 -1 -1 -1 14 14 14 14 14 14 14 14 14 14 14 24 24 24 24 24 24 24 24 24 24 24 26 26 26 26 26 26 26 26 26 26 26 26 26 26 36 36 36 36 36 36 47 47 47 47 47 47 47 47 48 48 48 48 48 48 48 49 49 49 49 49 49 50 50 50 50 51 51 52 52 52 52 52  0  0  0  0  0  0  0  0  0  0  0  0  0  0  0  0  0  0  0  0  0  0  0  0  0  0  0  0  0  0  0  0  0  0  0  0  0  0  0  0  0  0  0
  1  1 -1 -1 -1 -1 -1 -1 -1 -1 -1 -1 -1 -1 -1 -1 14 14 14 14 14 14 14 14 14 14 14 23 23 23 24 24 24 24 24 24 24 24 26 26 26 26 26 26 26 26 26 26 26 26 26 36 36 36 36 36 36 36 47 47 47 47 47 47 47 47 47 48 48 48 48 48 48 49 49 49 49 49 50 50 50 50 51 51 51 52 52 52 52 52 52  0  0  0  0  0  0  0  0  0  0  0  0  0  0  0  0  0  0  0  0  0  0  0  0  0  0  0  0  0  0  0  0  0  0  0  0  0  0  0  0  0  0
  1  1  1 -1 -1 -1 -1 -1 -1 -1 -1 -1 -1 -1 -1 -1 -1 14 14 14 14 14 14 14 14 14 14 23 23 23 23 24 24 24 24 24 25 25 25 26 26 26 26 26 26 26 26 26 26 36 36 36 36 36 36 36 36 36 47 47 47 47 47 47 47 47 47 47 48 48 48 48 48 49 49 49 49 49 50 50 50 51 51 51 51 52 52 52 52 52 52 52  0  0  0  0  0  0  0  0  0  0  0  0  0  0  0  0  0  0  0  0  0  0  0  0  0  0  0  0  0  0  0  0  0  0  0  0  0  0  0  0  0
  1  1  1  1 -1 -1 -1 -1 -1 -1 -1 -1 -1 -1 -1 -1 -1 -1 13 13 14 14 14 14 14 14 23 23 23 23 23 23 24 24 24 24 25 25 25 26 26 26 26 26 26 26 26 26 36 36 36 36 36 36 36 36 36 36 47 47 47 47 47 47 47 47 47 47 47 48 48 48 48 49 49 49 49 49 50 50 50 51 51 51 51 52 52 52 52 52 52 52 52  0  0  0  0  0  0  0  0  0  0  0  0  0  0  0  0  0  0  0  0  0  0  0  0  0  0  0  0  0  0  0  0  0  0  0  0  0  0  0  0
  1  1  1  1  1 -1 -1 -1 -1 -1 -1 -1 -1 -1 -1 -1 -1 -1 13 13 14 14 14 14 14 23 23 23 23 23 23 23 23 24 24 25 25 25 25 26 26 26 26 26 26 26 36 36 36 36 36 36 36 36 36 36 36 36 47 47 47 47 47 47 47 47 47 47 47 48 48 48 48 49 49 49 49 49 50 50 50 51 51 51 51 52 52 52 52 52 52 52 52 52 52 52 52 52 52 52 52 52 52 52 52 52 52 52 52 52 52 52 52 52 52 52 52 52 52 52 52 54 54 54 54 54 54 54 54 54 54 54 54
  1  1  1  1  1  1 -1 -1 -1 -1 -1 -1 -1 -1 -1 -1 -1 -1 13 13 14 14 14 14 23 23 23 23 23 23 23 23 23 23 24 25 25 25 25 26 26 26 26 34 34 36 36 36 36 36 36 36 36 36 36 36 36 36 47 47 47 47 47 47 47 47 47 47 47 47 48 48 48 49 49 49 49 49 49 50 50 51 51 51 51 52 52 52 52 52 52 52 52 52 52 52 52 52 52 52 52 52 52 52 52 52 52 52 52 52 52 52 52 52 52 52 52 52 52 52 52 54 54 54 54 54 54 54 54 54 54 54 54
  1  1  1  1  1  1  1 -1 -1 -1 -1 -1 -1 -1 -1 -1 -1 -1 13 13 14 14 14 23 23 23 23 23 23 23 23 23 23 23 25 25 25 25 25 34 34 34 34 34 34 34 36 36 36 36 36 36 36 36 36 36 36 36 47 47 47 47 47 47 47 47 47 47 47 47 47 48 48 49 49 49 49 49 49 49 49 51 51 51 51 52 52 52 52 52 52 52 52 52 52 52 52 52 52 52 52 52 52 52 52 52 52 52 52 52 52 52 52 52 52 52 52 52 52 52 52 54 54 54 54 54 54 54 54 54 54 54 54
  1  1  1  1  1  1  1 -1 -1 -1 -1 -1 -1 -1 -1 -1 -1  3 13 13 23 23 23 23 23 23 23 23 23 23 23 23 23 23 25 25 25 25 25 34 34 34 34 34 34 34 36 36 36 36 36 36 36 36 36 36 36 36 47 47 47 47 47 47 47 47 47 47 47 47 47 47 49 49 49 49 49 49 49 49 49 51 51 51 51 52 52 52 52 52 52 52 52 52 52 52 52 52 52 52 52 52 52 52 52 52 52 52 52 52 52 52 52 52 52 52 52 52 52 52 53 54 54 54 54 54 54 54 54 54 54 54 54
  1  1  1  1  1  1 -1 -1 -1 -1 -1 -1 -1 -1 -1 -1 -1 -1 13 13 23 23 23 23 23 23 23 23 23 23 23 23 23 25 25 25 25 25 25 34 34 34 34 34 35 35 35 36 36 36 36 36 36 36 36 36 36 36 36 37 37 37 37 37 47 47 47 47 47 47 49 49 49 49 49 49 49 49 49 49 49 51 51 46 46 52 52 52 52 52 52 52 52 52 52 52 52 52 52 52 52 52 52 52 52 52 52 52 52 52 52 52 52 52 52 52 52 52 52 52 53 54 54 54 54 54 54 54 54 54 54 54 54
  1  1  1  1  1 -1 -1 -1 -1 -1 -1 -1 -1 -1 -1 -1 -1  4  4  4  4  4 23 23 23 23 23 23 23 23 23 23 23 25 25 25 25 25 25 34 34 34 34 35 35 35 35 36 36 36 36 36 36 36 36 36 36 36 36 37 37 37 37 37 37 37 47 47 47 47 49 49 49 49 49 46 46 46 46 46 46 46 46 46 46 52 52 52 52 52 52 52 52 52 52 52 52 52 52 52 52 52 52 52 52 52 52 52 52 52 52 52 52 52 52 52 52 52 52 53 53 54 54 54 54 54 54 54 54 54 54 54 54
  1  1  1  1 -1 -1 -1 -1 -1 -1 -1 -1 -1 -1 -1 -1 -1  4  4  4  4  4 23 23 23 23 23 23 23 23 23 23 23 25 25 25 25 25 25 34 34 35 35 35 35 35 35 36 36 36 36 36 36 36 36 36 36 36 36 37 37 37 37 37 37 37 37 47 47 47 49 49 49 49 49 46 46 46 46 46 46 46 46 46 46 52 52 52 52 52 52 52 52 52 52 52 52 52 52 52 52 52 52 52 52 52 52 52 52 52 52 52 52 52 52 52 52 52 53 53 53 54 54 54 54 54 54  0  0  0  0  0  0
  1  1  1 -1 -1 -1 -1 -1 -1 -1 -1 -1 -1 -1 -1  4  4  4  4  4  4  4 23 23 23 23 23 23 23 23 23 23 23 25 25 25 25 25 25 34 35 35 35 35 35 35 35 36 36 36 36 36 36 36 36 36 36 36 36 37 37 37 37 37 37 37 37 37 37 47 49 49 49 46 46 46 46 46 46 46 46 46 46 46 46 46 52 52 52 52 52 52 52 52 52 52 52 52 52 52 52 52 52 52 52 52 52 52 52 52 52 52 52 52 52 52 52 52 53 53 53 54 54 54 54 54  0  0  0  0  0  0  0
  1  1 -1 -1 -1 -1 -1 -1 -1 -1 -1 -1 -1 -1 -1  4  4  4  4  4  4  4 23 23 23 23 23 23 23 23 23 23 23 25 25 25 25 25 25 35 35 35 35 35 35 35 35 36 36 36 36 36 36 36 36 36 36 36 36 37 37 37 37 37 37 37 37 37 37 37 49 49 49 46 46 46 46 46 46 46 46 46 46 46 46 46 46 52 52 52 52 52 52 52 52 52 52 52 52 52 52 52 52 52 52 52 52 52 52 52 52 52 52 52 52 52 52 52 53 53 53 54 54 54 54  0  0  0  0  0  0  0  0
 -1 -1 -1 -1 -1 -1 -1 -1 -1 -1 -1 -1 -1 -1 -1  4  4  4  4  4  4  4 23 23 23 23 23 23 23 23 23 23 23 25 25 25 25 25 25 35 35 35 35 35 35 35 35 35 35 36 36 36 36 36 36 36 36 36 36 37 37 37 37 37 37 37 37 37 37 37 37 46 46 46 46 46 46 46 46 46 46 46 46 46 46 46 46 46 46 52 52 52 52 52 52 52 52 52 52 52 52 52 52 52 52 52 52 52 52 52 52 52 52 52 52 52 52 43 43 53 53 54 54 54  0  0  0  0  0  0  0  0  0
 -1 -1 -1 -1 -1 -1 -1 -1 -1 -1 -1 -1 -1 -1 -1  4  4  4  4  4  4  4 23 23 23 23 23 23 23 23 23 23 23 25 25 25 25 25 35 35 35 35 35 35 35 35 35 35 35 36 36 36 36 36 36 36 36 36 36 37 37 37 37 37 37 37 37 37 37 37 37 37 46 46 46 46 46 46 46 46 46 46 46 46 46 46 46 46 46 46 46 52 52 52 52 52 52 52 43 43 43 43 43 43 43 52 52 52 52 52 52 52 52 52 52 52 43 43 43 53 53 54 54 54  0  0  0  0  0  0  0  0  0
  0  0  0  0  0  0  0  0  0  0  0  0  0  0  0  0  0  0  0  0  4  4  4 23 23 23 23 23 23 23 23 23 23 25 25 25 35 35 35 35 35 35 35 35 35 35 35 35 35 35 35 36 36 36 36 36 36 36 36 37 37 37 37 37 37 37 37 37 37 37 37 37 46 46 46 46 46 46 46 46 46 46 46 46 46 46 46 46 46 46 46 46 46 46 43 43 43 43 43 43 43 43 43 43 43 43 43 52 52 52 52 52 52 52 52 43 43 43 43 43 53 54 54  0  0  0  0  0  0  0  0  0  0
  0  0  0  0  0  0  0  0  0  0  0  0  0  0  0  0  0  0  0  0  0  4  4  4 23 23 23 23  4  4  4  6  6 25 25 35 35 35 35 35 35 35 35 35 35 35 35 35 35 35 35 35 35 36 36 36 36 36 37 37 37 37 37 37 37 37 37 37 37 37 37 37 46 46 46 46 46 46 46 46 46 46 46 46 46 46 46 46 46 46 46 46 41 41 43 43 43 43 43 43 43 43 43 43 43 43 43 43 43 43 43 52 52 52 52 43 43 43 43 43 53 54  0  0  0  0  0  0  0  0  0  0  0
  0  0  0  0  0  0  0  0  0  0  0  0  0  0  0  0  0  0  0  0  0  0  4  4  4  4  4  4  4  4  4  6  6  6 35 35 35 35 35 35 35 35 35 35 35 35 35 35 35 35 35 35 35 35 36 36 36 37 37 37 37 37 37 37 37 37 37 37 37 37 37 37 37 46 46 46 46 46 46 46 46 46 46 46 46 46 46 46 46 46 41 41 41 41 41 43 43 43 43 43 43 43 43 43 43 43 43 43 43 43 43 43 43 43 43 43 43 43 43 43 43 53  0  0  0  0  0  0  0  0  0  0  0
  0  0  0  0  0  0  0  0  0  0  0  0  0  0  0  0  0  0  0  0  0  0  0  4  4  4  4  4  4  4  6  6  6  6 35 35 35 35 35 35 35 35 35 35 35 35 35 35 35 35 35 35 35 35 35 36 36 37 37 37 37 37 37 37 37 37 37 37 37 37 37 37 37 46 46 46 46 46 46 46 46 46 46 46 46 46 46 46 41 41 41 41 41 41 41 43 43 43 43 43 43 43 43 43 43 43 43 43 43 43 43 43 43 43 43 43 43 43 43 43 43  0  0  0  0  0  0  0  0  0  0  0  0
  0  0  0  0  0  0  0  0  0  0  0  0  0  0  0  0  0  0  0  0  0  0  0  0  4  4  4  4  4  4  6  6  6  6  6 35 35 35 35 35 35 35 35 35 35 35 35 35 35 35 35 35 35 35 35 36 36 37 37 37 37 37 37 37 37 37 37 37 37 37 37 37 37 46 46 46 46 46 46 46 46 46 46 46 46 46 46 41 41 41 41 41 41 41 41 43  0  0  0  0  0  0  0  0  0  0  0  0  0  0  0  0  0  0  0  0  0  0  0  0  0  0  0  0  0  0  0  0  0  0  0  0  0
  0  0  0  0  0  0  0  0  0  0  0  0  0  0  0  0  0  0  0  0  0  0  0  0  0  0  0  0  0  0  0  0  6  6  6  6 35 35 35 35 35 35 35 35 35 35 35 35 35 35 35 35 35 35 35 36 37 37 37 37 37 37 37 37 37 37 37 37 37 37 37 37 37 46 46 46 46 46 46 46 46 46 46 46 46 46 41 41 41 41 41 41 41 41 41  0  0  0  0  0  0  0  0  0  0  0  0  0  0  0  0  0  0  0  0  0  0  0  0  0  0  0  0  0  0  0  0  0  0  0  0  0  0
  0  0  0  0  0  0  0  0  0  0  0  0  0  0  0  0  0  0  0  0  0  0  0  0  0  0  0  0  0  0  0  0  0  6  6  6  6  6 35 35 35 35 35 35 35 35 35 35 35 35 35 35 35 25 10 10 10 10 37 37 37 37 37 37 37 37 37 37 37 37 37 37 37 37 46 46 46 46 46 46 46 46 46 46 46 41 41 41 41 41 41 41 41 41  0  0  0  0  0  0  0  0  0  0  0  0  0  0  0  0  0  0  0  0  0  0  0  0  0  0  0  0  0  0  0  0  0  0  0  0  0  0  0
  0  0  0  0  0  0  0  0  0  0  0  0  0  0  0  0  0  0  0  0  0  0  0  0  0  0  0  0  0  0  0  0  0  0  6  6  6  6  6 35 35 35 35 35 35 35 35 35 35 35 35 35 25 25 10 10 10 10 10 10 37 37 37 37 37 37 37 37 37 37 37 37 37 37 46 46 46 46 46 46 46 46 46 46 46 41 41 41 41 41 41 41 41  0  0  0  0  0  0  0  0  0  0  0  0  0  0  0  0  0  0  0  0  0  0  0  0  0  0  0  0  0  0  0  0  0  0  0  0  0  0  0  0
  0  0  0  0  0  0  0  0  0  0  0  0  0  0  0  0  0  0  0  0  0  0  0  0  0  0  0  0  0  0  0  0  0  0  0  6  6  6  6  6 35 35 35 35 35 35 35 35 35 35 35 25 25 25 10 10 10 10 10 10 10 37 37 37 37 37 37 37 37 37 37 37 37 37 37 46 46 46 46 46 46 46 46 46 41 41 41 41 41 41 41 41  0  0  0  0  0  0  0  0  0  0  0  0  0  0  0  0  0  0  0  0  0  0  0  0  0  0  0  0  0  0  0  0  0  0  0  0  0  0  0  0  0
  0  0  0  0  0  0  0  0  0  0  0  0  0  0  0  0  0  0  0  0  0  0  0  0  0  0  0  0  0  0  0  0  0  0  0  0  6  6  6  6 35 35 35 35 35 35 35 35 35 25 25 25 25 25 10  0  0 10 10 10 10 10 37 37 37 37 37 37 37 37 37 37 37 37 37 46 46 46 46 46 46 46 46 41 41 41 41 41 41 41 41  0  0  0  0  0  0  0  0  0  0  0  0  0  0  0  0  0  0  0  0  0  0  0  0  0  0  0  0  0  0  0  0  0  0  0  0  0  0  0  0  0  0
  0  0  0  0  0  0  0  0  0  0  0  0  0  0  0  0  0  0  0  0  0  0  0  0  0  0  0  0  0  0  0  0  0  0  0  0  0  6  6  6  6  6 35 35 35 35 35 25 25 25 25 25 25  0  0  0  0  0  0 10 10 10 10 10 37 37 37 37 37 37 37 37 37 37 39 39 46 46 46 46 46 46 41 41 41 41 41 41 41 41  0  0  0  0  0  0  0  0  0  0  0  0  0  0  0  0  0  0  0  0  0  0  0  0  0  0  0  0  0  0  0  0  0  0  0  0  0  0  0  0  0  0  0
  0  0  0  0  0  0  0  0  0  0  0  0  0  0  0  0  0  0  0  0  0  0  0  0  0  0  0  0  0  0  0  0  0  0  0  0  0  0  6  6  6  6  6  6 25 25 25 25 25 25 25  0  0  0  0  0  0  0  0  0  0  0 10 10 10 12 12 37 37 37 37 37 37 39 39 39 39 46 46 46 46 46 41 41 41 41 41 41 41  0  0  0  0  0  0  0  0  0  0  0  0  0  0  0  0  0  0  0  0  0  0  0  0  0  0  0  0  0  0  0  0  0  0  0  0  0  0  0  0  0  0  0  0
  0  0  0  0  0  0  0  0  0  0  0  0  0  0  0  0  0  0  0  0  0  0  0  0  0  0  0  0  0  0  0  0  0  0  0  0  0  0  0  6  6  6  6  6 25 25 25 25 25  0  0  0  0  0  0  0  0  0  0  0  0  0  0  0 12 12 12 12 12 37 37 37 39 39 39 39 39 46 46 46 46 46 41 41 41 41 41 41  0  0  0  0  0  0  0  0  0  0  0  0  0  0  0  0  0  0  0  0  0  0  0  0  0  0  0  0  0  0  0  0  0  0  0  0  0  0  0  0  0  0  0  0  0
  0  0  0  0  0  0  0  0  0  0  0  0  0  0  0  0  0  0  0  0  0  0  0  0  0  0  0  0  0  0  0  0  0  0  0  0  0  0  0  0  6  6  6  6 25 25 25  0  0  0  0  0  0  0  0  0  0  0  0  0  0  0  0  0  0 12 12 12 12 12 12 39 39 39 39 39 39 46 46 46 46 46 41 41 41 41 41  0  0  0  0  0  0  0  0  0  0  0  0  0  0  0  0  0  0  0  0  0  0  0  0  0  0  0  0  0  0  0  0  0  0  0  0  0  0  0  0  0  0  0  0  0  0
  0  0  0  0  0  0  0  0  0  0  0  0  0  0  0  0  0  0  0  0  0  0  0  0  0  0  0  0  0  0  0  0  0  0  0  0  0  0  0  0  0  0  0  0  0  0  0  0  0  0  0  0  0  0  0  0  0  0  0  0  0  0  0  0  0  0 12 12 12 12 12 39 39 39 39 39 39 39 46 46 46 41 41 41 41 41 41  0  0  0  0  0  0  0  0  0  0  0  0  0  0  0  0  0  0  0  0  0  0  0  0  0  0  0  0  0  0  0  0  0  0  0  0  0  0  0  0  0  0  0  0  0  0
  0  0  0  0  0  0  0  0  0  0  0  0  0  0  0  0  0  0  0  0  0  0  0  0  0  0  0  0  0  0  0  0  0  0  0  0  0  0  0  0  0  0  0  0  0  0  0  0  0  0  0  0  0  0  0  0  0  0  0  0  0  0  0  0  0  0  0 12 12 12 12 12 12 39 39 39 39 39 46 46 46 41 41 41 41 41 41  0  0  0  0  0  0  0  0  0  0  0  0  0  0  0  0  0  0  0  0  0  0  0  0  0  0  0  0  0  0  0  0  0  0  0  0  0  0  0  0  0  0  0  0  0  0
  0  0  0  0  0  0  0  0  0  0  0  0  0  0  0  0  0  0  0  0  0  0  0  0  0  0  0  0  0  0  0  0  0  0  0  0  0  0  0  0  0  0  0  0  0  0  0  0  0  0  0  0  0  0  0  0  0  0  0  0  0  0  0  0  0  0  0  0 12 12 12 12 12 12 39 39 39 39 39 46 46 41 41 41 41 41 41  0  0  0  0  0  0  0  0  0  0  0  0  0  0  0  0  0  0  0  0  0  0  0  0  0  0  0  0  0  0  0  0  0  0  0  0  0  0  0  0  0  0  0  0  0  0
  0  0  0  0  0  0  0  0  0  0  0  0  0  0  0  0  0  0  0  0  0  0  0  0  0  0  0  0  0  0  0  0  0  0  0  0  0  0  0  0  0  0  0  0  0  0  0  0  0  0  0  0  0  0  0  0  0  0  0  0  0  0  0  0  0  0  0  0  0 12 12 12 12 12 12 39 39 39 39 46 46 41 41 41 41 41 41  0  0  0  0  0  0  0  0  0  0  0  0  0  0  0  0  0  0  0  0  0  0  0  0  0  0  0  0  0  0  0  0  0  0  0  0  0  0  0  0  0  0  0  0  0  0
  0  0  0  0  0  0  0  0  0  0  0  0  0  0  0  0  0  0  0  0  0  0  0  0  0  0  0  0  0  0  0  0  0  0  0  0  0  0  0  0  0  0  0  0  0  0  0  0  0  0  0  0  0  0  0  0  0  0  0  0  0  0  0  0  0  0  0  0  0  0 12 12 12 12 12 12 41 41 41 41 46 41 41 41 41 41  0  0  0  0  0  0  0  0  0  0  0  0  0  0  0  0  0  0  0  0  0  0  0  0  0  0  0  0  0  0  0  0  0  0  0  0  0  0  0  0  0  0  0  0  0  0  0
  0  0  0  0  0  0  0  0  0  0  0  0  0  0  0  0  0  0  0  0  0  0  0  0  0  0  0  0  0  0  0  0  0  0  0  0  0  0  0  0  0  0  0  0  0  0  0  0  0  0  0  0  0  0  0  0  0  0  0  0  0  0  0  0  0  0  0  0  0  0  0 12 12 12 12 12 12 41 41 41 46 41 41 41 41 41  0  0  0  0  0  0  0  0  0  0  0  0  0  0  0  0  0  0  0  0  0  0  0  0  0  0  0  0  0  0  0  0  0  0  0  0  0  0  0  0  0  0  0  0  0  0  0
  0  0  0  0  0  0  0  0  0  0  0  0  0  0  0  0  0  0  0  0  0  0  0  0  0  0  0  0  0  0  0  0  0  0  0  0  0  0  0  0  0  0  0  0  0  0  0  0  0  0  0  0  0  0  0  0  0  0  0  0  0  0  0  0  0  0  0  0  0  0  0  0 12 12 12 12 12 12 12 12 45 41 41 41 41 41  0  0  0  0  0  0  0  0  0  0  0  0  0  0  0  0  0  0  0  0  0  0  0  0  0  0  0  0  0  0  0  0  0  0  0  0  0  0  0  0  0  0  0  0  0  0  0
  0  0  0  0  0  0  0  0  0  0  0  0  0  0  0  0  0  0  0  0  0  0  0  0  0  0  0  0  0  0  0  0  0  0  0  0  0  0  0  0  0  0  0  0  0  0  0  0  0  0  0  0  0  0  0  0  0  0  0  0  0  0  0  0  0  0  0  0  0  0  0  0  0  0  0  0  0  0  0  0  0  0  0  0  0  0  0  0  0  0  0  0  0  0  0  0  0  0  0  0  0  0  0  0  0  0  0  0  0  0  0  0  0  0  0  0  0  0  0  0  0  0  0  0  0  0  0  0  0  0  0  0  0