# Concentration record pulled from 07128500 PURGATOIRE RIVER NEAR LAS ANIMAS, CO
# original units are in uS/cm. Start date: 1990-09-30
# ts  flow (cmd)  conc (uS/cm)
   0           0         4300            Steady State
   1        5872         4240            10/1/1989      
   2        7584         3240            10/2/1989      
   3        7829         2970            10/3/1989      
   4        6361         3270            10/4/1989      
   5        6361         2980            10/5/1989      
   6        6116         3140            10/6/1989      
   7        5382         3100            10/7/1989      
   8        6116         2790            10/8/1989      
   9        5872         2430            10/9/1989      
  10        5872         2450            10/10/1989     
  11        5627         2480            10/11/1989     
  12        5872         2550            10/12/1989     
  13        5872         2770            10/13/1989     
  14        5872         2920            10/14/1989     
  15        5872         3120            10/15/1989     
  16        5872         3320            10/16/1989     
  17        5138         3920            10/17/1989     
  18        5138         3920            10/18/1989     
  19        4893         3630            10/19/1989     
  20        4893         3570            10/20/1989     
  21        5627         3360            10/21/1989     
  22        5627         3400            10/22/1989     
  23        7584         3080            10/23/1989     
  24       11499         2910            10/24/1989     
  25        8808         3130            10/25/1989     
  26        6850         2720            10/26/1989     
  27        7095         2820            10/27/1989     
  28        7095         2850            10/28/1989     
  29        6850         2830            10/29/1989     
  30        7095         2910            10/30/1989     
  31        7340         2900            10/31/1989     
  32        8318         3060            11/1/1989      
  33        8808         2830            11/2/1989      
  34        8563         3160            11/3/1989      
  35        8074         3040            11/4/1989      
  36        8318         3030            11/5/1989      
  37        8808         2930            11/6/1989      
  38        7095         3030            11/7/1989      
  39        7340         2870            11/8/1989      
  40        7829         2910            11/9/1989      
  41        7584         2950            11/10/1989     
  42        7829         2990            11/11/1989     
  43        7584         3080            11/12/1989     
  44        7584         3090            11/13/1989     
  45        7829         3180            11/14/1989     
  46        8074         3370            11/15/1989     
  47        8318         3600            11/16/1989     
  48        8563         3640            11/17/1989     
  49        8318         3660            11/18/1989     
  50        7829         3650            11/19/1989     
  51        7095         3640            11/20/1989     
  52        6606         3750            11/21/1989     
  53        6606         3770            11/22/1989     
  54        6850         3810            11/23/1989     
  55        9786         3900            11/24/1989     
  56        8808         3920            11/25/1989     
  57       10031         4050            11/26/1989     
  58        7095         4210            11/27/1989     
  59        9297         4220            11/28/1989     
  60       10031         4240            11/29/1989     
  61        9786         4230            11/30/1989     
  62        9786         4090            12/1/1989      
  63        9542         4050            12/2/1989      
  64       10520         4080            12/3/1989      
  65       11499         4120            12/4/1989      
  66       12233         4090            12/5/1989      
  67       10765         3890            12/6/1989      
  68        9786         3870            12/7/1989      
  69        9297         3880            12/8/1989      
  70        7584         3880            12/9/1989      
  71        7340         3860            12/10/1989     
  72        6606         3860            12/11/1989     
  73        7584         3960            12/12/1989     
  74        7829         3990            12/13/1989     
  75        8318         3960            12/14/1989     
  76        8808         4000            12/15/1989     
  77        8563         4050            12/16/1989     
  78        8563         3970            12/17/1989     
  79        8563         3970            12/18/1989     
  80        8074         3930            12/19/1989     
  81        8318         4090            12/20/1989     
  82        8563         4310            12/21/1989     
  83        8318         4460            12/22/1989     
  84        8318         4590            12/23/1989     
  85        8318         4790            12/24/1989     
  86        8318         4870            12/25/1989     
  87        8563         4890            12/26/1989     
  88        8563         4890            12/27/1989     
  89        8808         4800            12/28/1989     
  90        8563         4830            12/29/1989     
  91        9052         4820            12/30/1989     
  92        9052         4690            12/31/1989     
  93        9297         4610            1/1/1990       
  94        9297         4570            1/2/1990       
  95        8808         4520            1/3/1990       
  96        8318         4480            1/4/1990       
  97        8074         4440            1/5/1990       
  98        4893         4400            1/6/1990       
  99        7829         4380            1/7/1990       
 100        9542         4350            1/8/1990       
 101        9297         4320            1/9/1990       
 102        8808         4280            1/10/1990      
 103        9052         4220            1/11/1990      
 104        9542         4190            1/12/1990      
 105       10520         4040            1/13/1990      
 106       10031         3840            1/14/1990      
 107       10276         3710            1/15/1990      
 108       10276         3570            1/16/1990      
 109       10276         3490            1/17/1990      
 110       10031         3460            1/18/1990      
 111        9297         3430            1/19/1990      
 112        9052         3340            1/20/1990      
 113        8318         3370            1/21/1990      
 114        7584         3430            1/22/1990      
 115        6850         3460            1/23/1990      
 116        6850         3500            1/24/1990      
 117        7340         3590            1/25/1990      
 118        7829         3730            1/26/1990      
 119        8074         3770            1/27/1990      
 120        8318         3880            1/28/1990      
 121       11009         3960            1/29/1990      
 122       11009         4020            1/30/1990      
 123       11499         3940            1/31/1990      
 124       11254         3900            2/1/1990       
 125       11254         3870            2/2/1990       
 126       11743         3680            2/3/1990       
 127       11988         3610            2/4/1990       
 128       11988         3510            2/5/1990       
 129       12722         3380            2/6/1990       
 130       12233         3330            2/7/1990       
 131       10520         3410            2/8/1990       
 132       11254         3520            2/9/1990       
 133       12967         3500            2/10/1990      
 134       13456         3410            2/11/1990      
 135       13211         3430            2/12/1990      
 136       11499         3490            2/13/1990      
 137       10276         3550            2/14/1990      
 138       11743         3550            2/15/1990      
 139        9786         3590            2/16/1990      
 140        8563         3620            2/17/1990      
 141        7584         3610            2/18/1990      
 142        9052         3630            2/19/1990      
 143        9786         3570            2/20/1990      
 144       11009         3550            2/21/1990      
 145       12233         3570            2/22/1990      
 146       12967         3660            2/23/1990      
 147       12967         3780            2/24/1990      
 148       13945         3910            2/25/1990      
 149       15903         4050            2/26/1990      
 150       17126         3820            2/27/1990      
 151       17615         3880            2/28/1990      
 152       14679         4230            3/1/1990       
 153       13945         4240            3/2/1990       
 154       16147         4220            3/3/1990       
 155       14924         4090            3/4/1990       
 156       13211         4220            3/5/1990       
 157       11988         4240            3/6/1990       
 158       11499         3840            3/7/1990       
 159       11499         3810            3/8/1990       
 160       11009         3830            3/9/1990       
 161       11009         3880            3/10/1990      
 162       11009         3900            3/11/1990      
 163       11009         3930            3/12/1990      
 164       10765         4020            3/13/1990      
 165       11254         4140            3/14/1990      
 166       11499         3930            3/15/1990      
 167       11009         2900            3/16/1990      
 168       11009         3020            3/17/1990      
 169       11009         3000            3/18/1990      
 170       11009         2980            3/19/1990      
 171       11009         3040            3/20/1990      
 172       11009         3210            3/21/1990      
 173       11009         3560            3/22/1990      
 174       11009         3520            3/23/1990      
 175       11009         3810            3/24/1990      
 176       11009         4400            3/25/1990      
 177       10520         4580            3/26/1990      
 178       10765         3980            3/27/1990      
 179       10765         3950            3/28/1990      
 180       10276         4420            3/29/1990      
 181       10276         4210            3/30/1990      
 182       10276         4200            3/31/1990      
 183       10765         3880            4/1/1990       
 184       10765         4180            4/2/1990       
 185       10765         4320            4/3/1990       
 186       11009         4250            4/4/1990       
 187       12722         4350            4/5/1990       
 188       10520         4360            4/6/1990       
 189       10765         4400            4/7/1990       
 190       11009         4650            4/8/1990       
 191       10031         4730            4/9/1990       
 192        9542         4560            4/10/1990      
 193        9786         4360            4/11/1990      
 194       10031         4300            4/12/1990      
 195        9542         4480            4/13/1990      
 196        9542         4610            4/14/1990      
 197        9542         4740            4/15/1990      
 198        9542         4830            4/16/1990      
 199        9297         4880            4/17/1990      
 200        9297         4910            4/18/1990      
 201        8318         4890            4/19/1990      
 202        8808         4920            4/20/1990      
 203        9297         4930            4/21/1990      
 204        9297         4920            4/22/1990      
 205        8808         4940            4/23/1990      
 206        8808         4920            4/24/1990      
 207        8563         4820            4/25/1990      
 208        8563         4940            4/26/1990      
 209        8563         5020            4/27/1990      
 210        8563         5050            4/28/1990      
 211        8563         5080            4/29/1990      
 212        8318         5020            4/30/1990      
 213        8074         4970            5/1/1990       
 214        7829         4650            5/2/1990       
 215        7584         4950            5/3/1990       
 216        7829         4990            5/4/1990       
 217        7340         4930            5/5/1990       
 218        7095         5050            5/6/1990       
 219        7340         5100            5/7/1990       
 220        7584         5000            5/8/1990       
 221        7829         4900            5/9/1990       
 222        7340         4930            5/10/1990      
 223        7095         4670            5/11/1990      
 224        6606         4940            5/12/1990      
 225        6361         5440            5/13/1990      
 226        6361         5390            5/14/1990      
 227        6361         5320            5/15/1990      
 228        5872         5260            5/16/1990      
 229        5627         5260            5/17/1990      
 230        5872         5200            5/18/1990      
 231        6116         5180            5/19/1990      
 232        5872         5250            5/20/1990      
 233        5627         5250            5/21/1990      
 234        5627         5190            5/22/1990      
 235        5872         5120            5/23/1990      
 236        6361         5110            5/24/1990      
 237        5627         5090            5/25/1990      
 238        5872         4830            5/26/1990      
 239        6361         4520            5/27/1990      
 240        6850         4940            5/28/1990      
 241        6361         4770            5/29/1990      
 242        8563         4970            5/30/1990      
 243        7340         4880            5/31/1990      
 244        6606         4930            6/1/1990       
 245        6116         4740            6/2/1990       
 246        5382         4630            6/3/1990       
 247        4893         4750            6/4/1990       
 248        4648         4490            6/5/1990       
 249        4159         4490            6/6/1990       
 250        3914         4630            6/7/1990       
 251        3914         3820            6/8/1990       
 252        3914         3530            6/9/1990       
 253        3914         3760            6/10/1990      
 254        3914         4150            6/11/1990      
 255        3425         4150            6/12/1990      
 256        4404         4170            6/13/1990      
 257        4893         2860            6/14/1990      
 258        3670         2570            6/15/1990      
 259        3670         2820            6/16/1990      
 260        3425         3260            6/17/1990      
 261        3425         2780            6/18/1990      
 262        3425         2850            6/19/1990      
 263        2936         3410            6/20/1990      
 264        2936         3160            6/21/1990      
 265        2936         3730            6/22/1990      
 266        2447         2850            6/23/1990      
 267        2447         2760            6/24/1990      
 268        2447         4010            6/25/1990      
 269        2447         4930            6/26/1990      
 270        3181         5120            6/27/1990      
 271        2447         4920            6/28/1990      
 272        2447         4640            6/29/1990      
 273        2447         4450            6/30/1990      
 274        2447         3830            7/1/1990       
 275        2447         2050            7/2/1990       
 276        2447         756             7/3/1990       
 277        2447         1000            7/4/1990       
 278        2447         1350            7/5/1990       
 279        2447         1200            7/6/1990       
 280        2447         1100            7/7/1990       
 281        2447         1050            7/8/1990       
 282        2447         974             7/9/1990       
 283        2447         1250            7/10/1990      
 284        2936         1810            7/11/1990      
 285        3914         2260            7/12/1990      
 286        3425         2700            7/13/1990      
 287        3914         2970            7/14/1990      
 288        4404         3020            7/15/1990      
 289        4893         2860            7/16/1990      
 290        3914         3270            7/17/1990      
 291        3914         3290            7/18/1990      
 292        3914         3550            7/19/1990      
 293        3181         3710            7/20/1990      
 294        3181         3620            7/21/1990      
 295        2936         3740            7/22/1990      
 296        2936         3770            7/23/1990      
 297        2936         3370            7/24/1990      
 298        2936         1180            7/25/1990      
 299        2936         1030            7/26/1990      
 300        3670         1460            7/27/1990      
 301        3914         603             7/28/1990      
 302        3181         1580            7/29/1990      
 303        2936         2430            7/30/1990      
 304        2936         2210            7/31/1990      
 305        2936         1890            8/1/1990       
 306        2936         2170            8/2/1990       
 307        2936         2490            8/3/1990       
 308        2936         2930            8/4/1990       
 309        3425         2430            8/5/1990       
 310        3425         412             8/6/1990       
 311        4159         566             8/7/1990       
 312        4159         622             8/8/1990       
 313        4893         694             8/9/1990       
 314        4893         678             8/10/1990      
 315        4404         619             8/11/1990      
 316        3914         577             8/12/1990      
 317        3914         867             8/13/1990      
 318        5138         1060            8/14/1990      
 319        5138         1020            8/15/1990      
 320        4404         1090            8/16/1990      
 321        4404         1650            8/17/1990      
 322        4893         1960            8/18/1990      
 323        5138         1510            8/19/1990      
 324        5382         1940            8/20/1990      
 325        4893         1220            8/21/1990      
 326        4404         1340            8/22/1990      
 327        4404         1070            8/23/1990      
 328        3914         1570            8/24/1990      
 329        3425         2500            8/25/1990      
 330        3914         2500            8/26/1990      
 331        4893         2560            8/27/1990      
 332        4404         2910            8/28/1990      
 333        4893         3310            8/29/1990      
 334        4893         2990            8/30/1990      
 335        4404         2320            8/31/1990      
 336        4159         2490            9/1/1990       
 337        4404         4160            9/2/1990       
 338        3914         4020            9/3/1990       
 339        3914         3320            9/4/1990       
 340        3914         1660            9/5/1990       
 341        3914         2320            9/6/1990       
 342        3914         2770            9/7/1990       
 343        3914         3170            9/8/1990       
 344        3914         3460            9/9/1990       
 345        3425         3680            9/10/1990      
 346        2447         3970            9/11/1990      
 347        2447         4130            9/12/1990      
 348        2691         4230            9/13/1990      
 349        2691         3880            9/14/1990      
 350        2691         3130            9/15/1990      
 351        3181         3120            9/16/1990      
 352        3181         3180            9/17/1990      
 353        3181         3230            9/18/1990      
 354        3181         2660            9/19/1990      
 355        3181         2320            9/20/1990      
 356        3181         2660            9/21/1990      
 357        3425         2700            9/22/1990      
 358        4648         2610            9/23/1990      
 359        5627         2830            9/24/1990      
 360        5138         3260            9/25/1990      
 361        5138         3490            9/26/1990      
 362        5872         3650            9/27/1990      
 363        5138         3890            9/28/1990      
 364        4404         4380            9/29/1990      
 365        3181         4420            9/30/1990      
 366        3425         4420            10/1/1990      
