# BRON: KONINKLIJK NEDERLANDS METEOROLOGISCH INSTITUUT (KNMI)
# Opmerking: door stationsverplaatsingen en veranderingen in waarneemmethodieken zijn deze tijdreeksen van dagwaarden mogelijk inhomogeen! Dat betekent dat deze reeks van gemeten waarden niet geschikt is voor trendanalyse. Voor studies naar klimaatverandering verwijzen we naar de gehomogeniseerde reeks maandtemperaturen van De Bilt <http://www.knmi.nl/kennis-en-datacentrum/achtergrond/gehomogeniseerde-reeks-maandtemperaturen-de-bilt> of de Centraal Nederland Temperatuur <http://www.knmi.nl/kennis-en-datacentrum/achtergrond/centraal-nederland-temperatuur-cnt>.
# 
# 
# STN      LON(east)   LAT(north)     ALT(m)  NAME
# 260:         5.180       52.100       1.90  DE BILT
# 
# YYYYMMDD = Datum (YYYY=jaar MM=maand DD=dag); 
# RH       = Etmaalsom van de neerslag (in 0.1 mm) (-1 voor <0.05 mm); 
# EV24     = Referentiegewasverdamping (Makkink) (in 0.1 mm); 
# 
# STN,YYYYMMDD,   RH, EV24
# 
  260,20180101,   47,    3
  260,20180102,   45,    2
  260,20180103,   95,    1
  260,20180104,    6,    2
  260,20180105,   27,    2
  260,20180106,    0,    2
  260,20180107,    0,    5
  260,20180108,    0,    4
  260,20180109,    0,    2
  260,20180110,   26,    1
  260,20180111,    0,    2
  260,20180112,    0,    1
  260,20180113,    0,    1
  260,20180114,    0,    4
  260,20180115,  133,    1
  260,20180116,   83,    4
  260,20180117,   27,    3
  260,20180118,  111,    2
  260,20180119,   54,    4
  260,20180120,   11,    1
  260,20180121,   21,    5
  260,20180122,    6,    3
  260,20180123,   15,    3
  260,20180124,   42,    2
  260,20180125,    1,    3
  260,20180126,    0,    4
  260,20180127,   11,    4
  260,20180128,   -1,    4
  260,20180129,   52,    2
  260,20180130,    0,    6
  260,20180131,   38,    1
  260,20180201,   44,    3
  260,20180202,   50,    4
  260,20180203,   17,    2
  260,20180204,   -1,    6
  260,20180205,    0,    4
  260,20180206,    0,    8
  260,20180207,    0,    8
  260,20180208,    0,    7
  260,20180209,    1,    4
  260,20180210,    1,    6
  260,20180211,   51,    5
  260,20180212,   -1,    8
  260,20180213,    0,   10
  260,20180214,    0,   10
  260,20180215,   35,    3
  260,20180216,    0,   10
  260,20180217,    0,    8
  260,20180218,    0,    9
  260,20180219,   -1,    4
  260,20180220,    0,    5
  260,20180221,    0,   10
  260,20180222,    0,   11
  260,20180223,    0,   11
  260,20180224,    0,   11
  260,20180225,    0,   11
  260,20180226,   -1,    8
  260,20180227,   -1,    9
  260,20180228,   -1,    7
  260,20180301,    0,    7
  260,20180302,   -1,    8
  260,20180303,   -1,    5
  260,20180304,   19,   11
  260,20180305,    0,   15
  260,20180306,    0,    9
  260,20180307,   35,    9
  260,20180308,   47,    5
  260,20180309,   29,   13
  260,20180310,   43,   10
  260,20180311,   12,    8
  260,20180312,   12,   11
  260,20180313,   71,    3
  260,20180314,   -1,   18
  260,20180315,   10,   10
  260,20180316,    4,    2
  260,20180317,   -1,    6
  260,20180318,    0,   11
  260,20180319,   -1,   17
  260,20180320,   -1,   20
  260,20180321,   -1,   14
  260,20180322,   33,    8
  260,20180323,   -1,    8
  260,20180324,    0,   15
  260,20180325,    0,   17
  260,20180326,   15,   12
  260,20180327,   17,    9
  260,20180328,  124,    4
  260,20180329,    2,   16
  260,20180330,   24,   19
  260,20180331,  100,   14
  260,20180401,    7,    5
  260,20180402,   11,   10
  260,20180403,   25,   19
  260,20180404,   49,   11
  260,20180405,   24,   13
  260,20180406,    0,   28
  260,20180407,    0,   28
  260,20180408,    0,   29
  260,20180409,   -1,   15
  260,20180410,   -1,   21
  260,20180411,   21,   16
  260,20180412,    2,   10
  260,20180413,    0,   14
  260,20180414,   10,   18
  260,20180415,   66,   14
  260,20180416,    1,   29
  260,20180417,    0,   32
  260,20180418,    0,   37
  260,20180419,    0,   40
  260,20180420,    0,   39
  260,20180421,    0,   37
  260,20180422,   -1,   34
  260,20180423,    0,   28
  260,20180424,    1,   12
  260,20180425,   52,   20
  260,20180426,   51,   27
  260,20180427,    1,   18
  260,20180428,    5,   13
  260,20180429,  196,    7
  260,20180430,  272,    8
  260,20180501,   92,   26
  260,20180502,    2,   37
  260,20180503,    0,   38
  260,20180504,    0,   40
  260,20180505,    0,   43
  260,20180506,    0,   46
  260,20180507,    0,   47
  260,20180508,    0,   47
  260,20180509,    0,   44
  260,20180510,   17,   24
  260,20180511,    0,   38
  260,20180512,    0,   34
  260,20180513,   24,   11
  260,20180514,    0,   41
  260,20180515,    0,   47
  260,20180516,    1,   31
  260,20180517,    0,   40
  260,20180518,    0,   27
  260,20180519,    0,   16
  260,20180520,    0,   45
  260,20180521,    0,   42
  260,20180522,    8,   28
  260,20180523,   15,   24
  260,20180524,    6,   18
  260,20180525,    0,   44
  260,20180526,    0,   49
  260,20180527,   19,   22
  260,20180528,    5,   47
  260,20180529,  148,   37
  260,20180530,    1,   41
  260,20180531,   37,   32
  260,20180601,   47,   20
  260,20180602,   12,   13
  260,20180603,   -1,   28
  260,20180604,    0,   30
  260,20180605,    0,   36
  260,20180606,    0,   49
  260,20180607,    0,   53
  260,20180608,   50,    9
  260,20180609,    0,   43
  260,20180610,    0,   43
  260,20180611,    0,   45
  260,20180612,   -1,   16
  260,20180613,    0,   29
  260,20180614,    9,   19
  260,20180615,    0,   43
  260,20180616,    0,   30
  260,20180617,   -1,   16
  260,20180618,   -1,   13
  260,20180619,   -1,   12
  260,20180620,    0,   34
  260,20180621,   -1,   31
  260,20180622,   -1,   21
  260,20180623,   -1,   27
  260,20180624,   -1,   22
  260,20180625,   -1,   40
  260,20180626,    0,   49
  260,20180627,    0,   47
  260,20180628,    0,   50
  260,20180629,    0,   53
  260,20180630,    0,   56
  260,20180701,    0,   57
  260,20180702,    0,   56
  260,20180703,    0,   54
  260,20180704,   -1,   47
  260,20180705,    0,   49
  260,20180706,    0,   38
  260,20180707,    0,   44
  260,20180708,    0,   51
  260,20180709,   -1,   23
  260,20180710,    1,   20
  260,20180711,    0,   31
  260,20180712,    0,   47
  260,20180713,    0,   46
  260,20180714,    0,   51
  260,20180715,    0,   51
  260,20180716,   -1,   51
  260,20180717,   -1,   47
  260,20180718,    0,   38
  260,20180719,    0,   38
  260,20180720,    0,   46
  260,20180721,    0,   49
  260,20180722,    0,   43
  260,20180723,    0,   50
  260,20180724,    0,   43
  260,20180725,   -1,   32
  260,20180726,   -1,   51
  260,20180727,    0,   54
  260,20180728,   52,   29
  260,20180729,   -1,   30
  260,20180730,    0,   44
  260,20180731,    0,   39
  260,20180801,    0,   42
  260,20180802,    0,   48
  260,20180803,    0,   49
  260,20180804,    0,   40
  260,20180805,    0,   43
  260,20180806,    0,   49
  260,20180807,   13,   47
  260,20180808,   32,   23
  260,20180809,   85,   14
  260,20180810,   66,   30
  260,20180811,    1,   35
  260,20180812,   -1,   28
  260,20180813,  106,   16
  260,20180814,    6,   27
  260,20180815,    0,   19
  260,20180816,   13,   26
  260,20180817,   46,   33
  260,20180818,    0,   20
  260,20180819,    0,   17
  260,20180820,    0,   18
  260,20180821,    0,   29
  260,20180822,    0,   34
  260,20180823,   22,   14
  260,20180824,   56,   28
  260,20180825,  166,   22
  260,20180826,   13,   26
  260,20180827,    2,   13
  260,20180828,    0,   20
  260,20180829,   66,   12
  260,20180830,    0,   30
  260,20180831,    0,   15
  260,20180901,    0,   28
  260,20180902,    0,   29
  260,20180903,   -1,   14
  260,20180904,   -1,   24
  260,20180905,   44,   17
  260,20180906,   57,    8
  260,20180907,   54,   25
  260,20180908,   -1,   18
  260,20180909,   -1,   25
  260,20180910,    0,   15
  260,20180911,    0,   17
  260,20180912,   11,    7
  260,20180913,    0,   28
  260,20180914,    0,   23
  260,20180915,    2,   18
  260,20180916,    0,   19
  260,20180917,    0,   26
  260,20180918,    0,   29
  260,20180919,    0,   24
  260,20180920,    0,   22
  260,20180921,   83,   16
  260,20180922,   62,    9
  260,20180923,   97,    4
  260,20180924,    5,   19
  260,20180925,    0,   22
  260,20180926,    0,   22
  260,20180927,    0,   23
  260,20180928,    0,   18
  260,20180929,    0,   18
  260,20180930,   -1,   17
  260,20181001,   35,   15
  260,20181002,   39,    9
  260,20181003,   -1,   17
  260,20181004,    0,    9
  260,20181005,    0,   20
  260,20181006,   -1,   18
  260,20181007,    0,   16
  260,20181008,    0,   14
  260,20181009,    0,   17
  260,20181010,    0,   19
  260,20181011,   -1,   15
  260,20181012,    1,   18
  260,20181013,    0,   19
  260,20181014,    0,   17
  260,20181015,    0,   14
  260,20181016,    0,   16
  260,20181017,    0,   12
  260,20181018,   -1,   13
  260,20181019,    0,   14
  260,20181020,    0,    9
  260,20181021,    0,   10
  260,20181022,    2,   11
  260,20181023,   -1,    4
  260,20181024,    5,    7
  260,20181025,    3,    3
  260,20181026,   73,    3
  260,20181027,   11,   11
  260,20181028,    0,   11
  260,20181029,   -1,    2
  260,20181030,  192,    2
  260,20181031,    5,   10
  260,20181101,   38,    4
  260,20181102,   19,   10
  260,20181103,    0,    7
  260,20181104,    0,    8
  260,20181105,    0,    6
  260,20181106,    0,   10
  260,20181107,   11,    5
  260,20181108,   -1,    9
  260,20181109,   -1,    6
  260,20181110,   42,    3
  260,20181111,   68,    3
  260,20181112,   53,    3
  260,20181113,    1,    7
  260,20181114,    0,    7
  260,20181115,    0,    7
  260,20181116,    0,    3
  260,20181117,    0,    7
  260,20181118,    0,    6
  260,20181119,    1,    2
  260,20181120,   -1,    1
  260,20181121,    1,    3
  260,20181122,    0,    2
  260,20181123,   -1,    4
  260,20181124,    0,    1
  260,20181125,    0,    1
  260,20181126,   -1,    1
  260,20181127,    0,    2
  260,20181128,   50,    1
  260,20181129,   68,    1
  260,20181130,    0,    3
  260,20181201,   20,    3
  260,20181202,   59,    1
  260,20181203,   26,    3
  260,20181204,    2,    4
  260,20181205,   20,    2
  260,20181206,   21,    1
  260,20181207,  131,    1
  260,20181208,  160,    1
  260,20181209,  105,    3
  260,20181210,   23,    3
  260,20181211,    1,    3
  260,20181212,    0,    2
  260,20181213,    0,    4
  260,20181214,    0,    4
  260,20181215,    9,    1
  260,20181216,   20,    1
  260,20181217,   62,    1
  260,20181218,    0,    2
  260,20181219,    1,    2
  260,20181220,   37,    1
  260,20181221,  140,    1
  260,20181222,   59,    2
  260,20181223,   96,    1
  260,20181224,   -1,    5
  260,20181225,    0,    3
  260,20181226,    0,    1
  260,20181227,    0,    3
  260,20181228,    0,    1
  260,20181229,    4,    1
  260,20181230,   10,    2
  260,20181231,    1,    2
